B9407F30-F5F8-466E-AFF9-25556B57FE6D 30174 30511 -77 -85
E1F54E02-1E23-44E0-9C3D-512EB56ADEC9 100 100 -71 -66
B9407F30-F5F8-466E-AFF9-25556B57FE6D 30174 8113 -77 -73
E1F54E02-1E23-44E0-9C3D-512EB56ADEC9 100 100 -71 -79
B9407F30-F5F8-466E-AFF9-25556B57FE6D 30174 5667 -77 -76
B9407F30-F5F8-466E-AFF9-25556B57FE6D 30174 31621 -77 -73
E1F54E02-1E23-44E0-9C3D-512EB56ADEC9 100 100 -71 -75
B9407F30-F5F8-466E-AFF9-25556B57FE6D 30174 30511 -77 -78
E1F54E02-1E23-44E0-9C3D-512EB56ADEC9 100 100 -71 -76
E1F54E02-1E23-44E0-9C3D-512EB56ADEC9 100 100 -71 -73
B9407F30-F5F8-466E-AFF9-25556B57FE6D 30174 5667 -77 -80
B9407F30-F5F8-466E-AFF9-25556B57FE6D 30174 31621 -77 -73
B9407F30-F5F8-466E-AFF9-25556B57FE6D 30174 30511 -77 -78
B9407F30-F5F8-466E-AFF9-25556B57FE6D 30174 8113 -77 -86
E1F54E02-1E23-44E0-9C3D-512EB56ADEC9 100 100 -71 -82
E1F54E02-1E23-44E0-9C3D-512EB56ADEC9 100 100 -71 -65
B9407F30-F5F8-466E-AFF9-25556B57FE6D 30174 5667 -77 -81
B9407F30-F5F8-466E-AFF9-25556B57FE6D 30174 31621 -77 -73
B9407F30-F5F8-466E-AFF9-25556B57FE6D 30174 8113 -77 -86
E1F54E02-1E23-44E0-9C3D-512EB56ADEC9 100 100 -71 -65
E1F54E02-1E23-44E0-9C3D-512EB56ADEC9 100 100 -71 -80
B9407F30-F5F8-466E-AFF9-25556B57FE6D 30174 31621 -77 -74
B9407F30-F5F8-466E-AFF9-25556B57FE6D 30174 8113 -77 -73
E1F54E02-1E23-44E0-9C3D-512EB56ADEC9 100 100 -71 -74
E1F54E02-1E23-44E0-9C3D-512EB56ADEC9 100 100 -71 -70
B9407F30-F5F8-466E-AFF9-25556B57FE6D 30174 5667 -77 -76
B9407F30-F5F8-466E-AFF9-25556B57FE6D 30174 31621 -77 -73
E1F54E02-1E23-44E0-9C3D-512EB56ADEC9 100 100 -71 -68
B9407F30-F5F8-466E-AFF9-25556B57FE6D 30174 30511 -77 -84
E1F54E02-1E23-44E0-9C3D-512EB56ADEC9 100 100 -71 -80
B9407F30-F5F8-466E-AFF9-25556B57FE6D 30174 31621 -77 -73
E1F54E02-1E23-44E0-9C3D-512EB56ADEC9 100 100 -71 -65
B9407F30-F5F8-466E-AFF9-25556B57FE6D 30174 30511 -77 -78
B9407F30-F5F8-466E-AFF9-25556B57FE6D 30174 8113 -77 -73
E1F54E02-1E23-44E0-9C3D-512EB56ADEC9 100 100 -71 -65
B9407F30-F5F8-466E-AFF9-25556B57FE6D 30174 5667 -77 -76
B9407F30-F5F8-466E-AFF9-25556B57FE6D 30174 31621 -77 -73
B9407F30-F5F8-466E-AFF9-25556B57FE6D 30174 30511 -77 -78
E1F54E02-1E23-44E0-9C3D-512EB56ADEC9 100 100 -71 -89
E1F54E02-1E23-44E0-9C3D-512EB56ADEC9 100 100 -71 -75
B9407F30-F5F8-466E-AFF9-25556B57FE6D 30174 31621 -77 -73
B9407F30-F5F8-466E-AFF9-25556B57FE6D 30174 30511 -77 -85
E1F54E02-1E23-44E0-9C3D-512EB56ADEC9 100 100 -71 -73
B9407F30-F5F8-466E-AFF9-25556B57FE6D 30174 5667 -77 -76
B9407F30-F5F8-466E-AFF9-25556B57FE6D 30174 30511 -77 -78
B9407F30-F5F8-466E-AFF9-25556B57FE6D 30174 8113 -77 -73
E1F54E02-1E23-44E0-9C3D-512EB56ADEC9 100 100 -71 -79
B9407F30-F5F8-466E-AFF9-25556B57FE6D 30174 5667 -77 -76
B9407F30-F5F8-466E-AFF9-25556B57FE6D 30174 31621 -77 -75
B9407F30-F5F8-466E-AFF9-25556B57FE6D 30174 8113 -77 -73
E1F54E02-1E23-44E0-9C3D-512EB56ADEC9 100 100 -71 -88
B9407F30-F5F8-466E-AFF9-25556B57FE6D 30174 31621 -77 -73
B9407F30-F5F8-466E-AFF9-25556B57FE6D 30174 30511 -77 -77
B9407F30-F5F8-466E-AFF9-25556B57FE6D 30174 8113 -77 -74
E1F54E02-1E23-44E0-9C3D-512EB56ADEC9 100 100 -71 -72
B9407F30-F5F8-466E-AFF9-25556B57FE6D 30174 5667 -77 -80
B9407F30-F5F8-466E-AFF9-25556B57FE6D 30174 31621 -77 -73
B9407F30-F5F8-466E-AFF9-25556B57FE6D 30174 30511 -77 -84
E1F54E02-1E23-44E0-9C3D-512EB56ADEC9 100 100 -71 -79
E1F54E02-1E23-44E0-9C3D-512EB56ADEC9 100 100 -71 -65
B9407F30-F5F8-466E-AFF9-25556B57FE6D 30174 5667 -77 -80
B9407F30-F5F8-466E-AFF9-25556B57FE6D 30174 31621 -77 -73
B9407F30-F5F8-466E-AFF9-25556B57FE6D 30174 30511 -77 -83
B9407F30-F5F8-466E-AFF9-25556B57FE6D 30174 31621 -77 -73
B9407F30-F5F8-466E-AFF9-25556B57FE6D 30174 30511 -77 -77
B9407F30-F5F8-466E-AFF9-25556B57FE6D 30174 8113 -77 -74
E1F54E02-1E23-44E0-9C3D-512EB56ADEC9 100 100 -71 -76
B9407F30-F5F8-466E-AFF9-25556B57FE6D 30174 5667 -77 -80
E1F54E02-1E23-44E0-9C3D-512EB56ADEC9 100 100 -71 -72
B9407F30-F5F8-466E-AFF9-25556B57FE6D 30174 31621 -77 -73
B9407F30-F5F8-466E-AFF9-25556B57FE6D 30174 8113 -77 -88
B9407F30-F5F8-466E-AFF9-25556B57FE6D 30174 5667 -77 -80
B9407F30-F5F8-466E-AFF9-25556B57FE6D 30174 31621 -77 -73
B9407F30-F5F8-466E-AFF9-25556B57FE6D 30174 30511 -77 -77
E1F54E02-1E23-44E0-9C3D-512EB56ADEC9 100 100 -71 -65
B9407F30-F5F8-466E-AFF9-25556B57FE6D 30174 5667 -77 -80
B9407F30-F5F8-466E-AFF9-25556B57FE6D 30174 31621 -77 -73
B9407F30-F5F8-466E-AFF9-25556B57FE6D 30174 30511 -77 -77
E1F54E02-1E23-44E0-9C3D-512EB56ADEC9 100 100 -71 -74
E1F54E02-1E23-44E0-9C3D-512EB56ADEC9 100 100 -71 -70
E1F54E02-1E23-44E0-9C3D-512EB56ADEC9 100 100 -71 -71
B9407F30-F5F8-466E-AFF9-25556B57FE6D 30174 30511 -77 -84
B9407F30-F5F8-466E-AFF9-25556B57FE6D 30174 8113 -77 -73
B9407F30-F5F8-466E-AFF9-25556B57FE6D 30174 5667 -77 -80
B9407F30-F5F8-466E-AFF9-25556B57FE6D 30174 31621 -77 -73
B9407F30-F5F8-466E-AFF9-25556B57FE6D 30174 30511 -77 -85
E1F54E02-1E23-44E0-9C3D-512EB56ADEC9 100 100 -71 -79
B9407F30-F5F8-466E-AFF9-25556B57FE6D 30174 8113 -77 -87
E1F54E02-1E23-44E0-9C3D-512EB56ADEC9 100 100 -71 -65
B9407F30-F5F8-466E-AFF9-25556B57FE6D 30174 5667 -77 -79
B9407F30-F5F8-466E-AFF9-25556B57FE6D 30174 31621 -77 -73
B9407F30-F5F8-466E-AFF9-25556B57FE6D 30174 30511 -77 -78
E1F54E02-1E23-44E0-9C3D-512EB56ADEC9 100 100 -71 -80
E1F54E02-1E23-44E0-9C3D-512EB56ADEC9 100 100 -71 -74
E1F54E02-1E23-44E0-9C3D-512EB56ADEC9 100 100 -71 -70
B9407F30-F5F8-466E-AFF9-25556B57FE6D 30174 31621 -77 -73
B9407F30-F5F8-466E-AFF9-25556B57FE6D 30174 30511 -77 -85
B9407F30-F5F8-466E-AFF9-25556B57FE6D 30174 8113 -77 -73
E1F54E02-1E23-44E0-9C3D-512EB56ADEC9 100 100 -71 -72
B9407F30-F5F8-466E-AFF9-25556B57FE6D 30174 5667 -77 -79
B9407F30-F5F8-466E-AFF9-25556B57FE6D 30174 31621 -77 -74
B9407F30-F5F8-466E-AFF9-25556B57FE6D 30174 30511 -77 -78
E1F54E02-1E23-44E0-9C3D-512EB56ADEC9 100 100 -71 -84
B9407F30-F5F8-466E-AFF9-25556B57FE6D 30174 8113 -77 -87
E1F54E02-1E23-44E0-9C3D-512EB56ADEC9 100 100 -71 -65
B9407F30-F5F8-466E-AFF9-25556B57FE6D 30174 5667 -77 -79
E1F54E02-1E23-44E0-9C3D-512EB56ADEC9 100 100 -71 -66
B9407F30-F5F8-466E-AFF9-25556B57FE6D 30174 30511 -77 -83
E1F54E02-1E23-44E0-9C3D-512EB56ADEC9 100 100 -71 -95
B9407F30-F5F8-466E-AFF9-25556B57FE6D 30174 30511 -77 -82
E1F54E02-1E23-44E0-9C3D-512EB56ADEC9 100 100 -71 -74
B9407F30-F5F8-466E-AFF9-25556B57FE6D 30174 8113 -77 -73
B9407F30-F5F8-466E-AFF9-25556B57FE6D 30174 5667 -77 -77
B9407F30-F5F8-466E-AFF9-25556B57FE6D 30174 31621 -77 -73
B9407F30-F5F8-466E-AFF9-25556B57FE6D 30174 30511 -77 -84
B9407F30-F5F8-466E-AFF9-25556B57FE6D 30174 8113 -77 -74
E1F54E02-1E23-44E0-9C3D-512EB56ADEC9 100 100 -71 -77
E1F54E02-1E23-44E0-9C3D-512EB56ADEC9 100 100 -71 -65
B9407F30-F5F8-466E-AFF9-25556B57FE6D 30174 5667 -77 -80
B9407F30-F5F8-466E-AFF9-25556B57FE6D 30174 31621 -77 -74
